6552.48, 5049.98, 3844.64, 10166.84, 5163.66, 6770.29, 9760.39, 4275.73, 4700.21, 5264.98
3601.29, 5374.58, 5064.02, 7642.72, 8687.82, 5849.21, 5367.00, 5665.53, 3271.14, 4066.49
7590.02, 6942.71, 8256.32, 4715.41, 6735.97, 4214.60, 6074.65, 4200.03, 3065.21, 3971.02
10282.05, 4656.87, 8438.55, 15687.91, 7761.91, 11408.48, 12645.01, 5774.85, 9166.43, 7217.24
2127.36, 6507.87, 4572.53, 3210.76, 2949.75, 1401.00, 2428.72, 3219.81, 1107.74, 1605.21
5912.87, 6972.73, 8745.29, 8430.50, 5541.35, 3898.50, 5511.40, 5360.83, 3878.43, 2186.55
4788.48, 3911.67, 4689.49, 4293.85, 4864.40, 3413.99, 4202.97, 3252.53, 2366.62, 2313.98
7219.88, 5560.61, 5538.59, 7544.49, 5929.28, 6520.52, 5843.45, 5267.92, 4239.61, 4827.95
8416.48, 9762.05, 8266.71, 8626.68, 7464.00, 6090.34, 9057.75, 6022.31, 4156.83, 5255.63
7460.38, 8499.30, 6952.38, 9879.22, 3584.18, 4735.51, 8985.60, 4964.13, 4184.50, 4444.82

3385.10, 4748.19, 4634.93, 1077.73, 3139.11, 6566.85, 3479.70, 5369.83, 7501.69, 8825.65
10826.19, 6030.23, 6315.50, 4729.02, 5736.50, 3170.70, 4552.55, 12479.15, 14333.32, 11593.69
10900.68, 4150.04, 5685.50, 1868.98, 3062.52, 4528.05, 3201.94, 11535.42, 9118.36, 9146.51
9738.56, 4550.77, 5502.55, 1369.44, 2150.84, 8151.03, 1530.04, 13033.09, 6352.41, 8191.75
6572.32, 3704.57, 7504.48, 2433.23, 2874.73, 3478.47, 3662.03, 8512.44, 7636.74, 7252.41
5556.70, 3218.36, 5803.29, 1893.83, 3518.36, 6806.44, 1325.20, 10311.56, 7124.27, 5037.09
4623.24, 2375.80, 2667.91, 567.38, 1200.54, 3460.43, 1408.17, 5615.53, 3512.74, 4718.27
6558.89, 8881.28, 7659.99, 2286.25, 4468.34, 10914.52, 4156.45, 11798.90, 10535.91, 13286.56
8326.19, 7387.36, 3658.30, 4984.73, 5142.60, 5586.92, 3770.54, 10544.52, 13585.52, 12699.38
7221.01, 4713.91, 6690.71, 2387.84, 5094.33, 8432.61, 3647.45, 10415.27, 10967.57, 10163.19

8319.25, 5563.89, 5696.83, 5728.72, 2929.45, 3830.11, 2238.84, 5120.94, 5993.38, 4011.34
6825.49, 5097.71, 5278.44, 4132.22, 5217.96, 3648.22, 6222.42, 3517.59, 6647.83, 5342.27
5615.53, 4878.94, 4180.42, 6203.64, 5178.61, 2868.56, 2786.86, 3939.94, 4014.29, 2765.17
6178.57, 3843.21, 3672.00, 4919.12, 4648.58, 3007.59, 2074.05, 3500.33, 5425.73, 2395.08
10917.78, 8008.46, 10549.59, 8240.95, 6622.05, 4914.36, 5063.34, 7693.09, 9887.63, 5771.67
11021.22, 8390.07, 5656.51, 8378.79, 8429.48, 3746.60, 5826.84, 5134.71, 10586.86, 5983.51
7406.29, 7625.39, 3905.89, 4933.65, 3131.52, 3349.50, 4594.70, 2556.65, 9548.69, 6536.81
4588.52, 4762.81, 1587.42, 3181.64, 3367.29, 2944.90, 4872.71, 1846.39, 4771.16, 3798.05
5154.12, 3699.84, 2459.09, 3366.55, 2945.42, 2040.53, 2462.82, 1562.35, 5076.22, 3499.74
6420.34, 4951.22, 4202.59, 3603.10, 2965.11, 2504.97, 3948.53, 3826.71, 5493.85, 3561.52

